<svg version="1.1" id="Layer_1" xmlns="http://www.w3.org/2000/svg" xmlns:xlink="http://www.w3.org/1999/xlink" x="0px" y="0px"
	 width="100%" viewBox="0 0 512 512" enable-background="new 0 0 512 512" xml:space="preserve">
<path fill="#000000" opacity="1.000000" stroke="none" 
	d="
M513.000000,177.000000 
	C513.000000,289.306030 513.000000,401.112061 513.000000,512.959045 
	C342.402283,512.959045 171.804581,512.959045 1.103429,512.959045 
	C1.103429,342.444000 1.103429,171.887909 1.103429,1.165914 
	C171.666534,1.165914 342.333252,1.165914 513.000000,1.165914 
	C513.000000,59.528721 513.000000,118.014359 513.000000,177.000000 
M454.440643,258.161011 
	C459.419006,255.732269 460.827545,251.237930 460.947906,246.258530 
	C461.123505,238.992432 460.993073,231.718903 460.993073,223.991272 
	C467.652374,223.991272 473.652466,224.409866 479.572205,223.898590 
	C489.873230,223.008865 493.118835,220.613464 493.881287,209.517914 
	C494.451080,201.225647 493.897430,192.861374 494.028259,184.532074 
	C494.129120,178.112289 491.152924,173.466049 486.088867,170.007675 
	C475.226593,162.589630 464.294037,155.274460 453.390198,147.917236 
	C450.329010,145.851730 447.267670,143.786453 444.152191,141.684509 
	C471.994080,112.070305 470.884155,67.474770 439.123169,40.747044 
	C424.628418,28.549322 407.357513,24.098932 388.698456,26.089546 
	C362.829559,28.849342 344.882080,43.187763 333.519745,66.335724 
	C310.524200,50.689552 288.079987,35.511566 265.752167,20.164316 
	C259.823639,16.089285 254.346649,15.943916 248.410217,20.061533 
	C230.164536,32.717033 211.861191,45.290653 193.498947,57.776524 
	C160.870911,79.962769 128.176285,102.051094 95.522697,124.199799 
	C73.064125,139.433289 50.651520,154.734711 28.164532,169.926071 
	C22.644224,173.655396 19.782589,178.514328 19.953428,185.287781 
	C20.142427,192.781235 19.980524,200.283173 20.000380,207.781326 
	C20.031401,219.495285 24.480936,223.959961 36.139450,223.992599 
	C41.585430,224.007858 47.031487,223.995209 53.007931,223.995209 
	C53.007931,231.900528 52.931641,239.190994 53.030636,246.479065 
	C53.119347,253.009857 56.580074,257.943848 62.357784,259.643677 
	C64.340469,260.226990 66.524719,260.125122 68.729195,260.347656 
	C68.729195,306.289612 68.729195,351.872894 68.729195,397.407654 
	C55.476688,399.712616 53.005005,402.710510 53.004333,416.194305 
	C53.004032,422.300293 53.004284,428.406281 53.004284,435.005646 
	C45.552052,435.005646 38.742733,434.735138 31.974577,435.144745 
	C29.426031,435.298950 25.905807,436.337067 24.705187,438.188904 
	C22.423796,441.707733 20.449438,446.041779 20.208290,450.146576 
	C19.593712,460.607971 19.962431,471.129761 20.015781,481.626984 
	C20.067768,491.856323 25.333805,496.992432 35.672428,496.992645 
	C183.137314,496.995544 330.602203,496.966766 478.067078,497.046570 
	C490.128998,497.053101 493.436096,490.847504 493.866394,481.822845 
	C494.389587,470.850403 494.171844,459.829987 493.928192,448.838013 
	C493.760864,441.288116 488.992310,434.054688 479.650970,434.902222 
	C473.605743,435.450684 467.470337,435.005341 460.995392,435.005341 
	C460.995392,428.100311 460.995789,421.960419 460.995300,415.820557 
	C460.994263,402.789093 458.202209,399.471375 445.337585,397.475555 
	C445.337585,351.797485 445.337585,306.080444 445.337585,260.692963 
	C448.430756,259.941193 451.122589,259.286987 454.440643,258.161011 
z"/>
<path fill="#535A88" opacity="1.000000" stroke="none" 
	d="
M454.127502,258.396881 
	C451.122589,259.286987 448.430756,259.941193 445.337585,260.692963 
	C445.337585,306.080444 445.337585,351.797485 445.337585,397.475555 
	C458.202209,399.471375 460.994263,402.789093 460.995300,415.820557 
	C460.995789,421.960419 460.995392,428.100311 460.995392,435.005341 
	C467.470337,435.005341 473.605743,435.450684 479.650970,434.902222 
	C488.992310,434.054688 493.760864,441.288116 493.928192,448.838013 
	C494.171844,459.829987 494.389587,470.850403 493.866394,481.822845 
	C493.436096,490.847504 490.128998,497.053101 478.067078,497.046570 
	C330.602203,496.966766 183.137314,496.995544 35.672428,496.992645 
	C25.333805,496.992432 20.067768,491.856323 20.015781,481.626984 
	C19.962431,471.129761 19.593712,460.607971 20.208290,450.146576 
	C20.449438,446.041779 22.423796,441.707733 24.705187,438.188904 
	C25.905807,436.337067 29.426031,435.298950 31.974577,435.144745 
	C38.742733,434.735138 45.552052,435.005646 53.004284,435.005646 
	C53.004284,428.406281 53.004032,422.300293 53.004333,416.194305 
	C53.005005,402.710510 55.476688,399.712616 68.729195,397.407654 
	C68.729195,351.872894 68.729195,306.289612 68.729195,260.347656 
	C66.524719,260.125122 64.340469,260.226990 62.357784,259.643677 
	C56.580074,257.943848 53.119347,253.009857 53.030636,246.479065 
	C52.931641,239.190994 53.007931,231.900528 53.007931,223.995209 
	C47.031487,223.995209 41.585430,224.007858 36.139450,223.992599 
	C24.480936,223.959961 20.031401,219.495285 20.000380,207.781326 
	C19.980524,200.283173 20.142427,192.781235 19.953428,185.287781 
	C19.782589,178.514328 22.644224,173.655396 28.164532,169.926071 
	C50.651520,154.734711 73.064125,139.433289 95.522697,124.199799 
	C128.176285,102.051094 160.870911,79.962769 193.498947,57.776524 
	C211.861191,45.290653 230.164536,32.717033 248.410217,20.061533 
	C254.346649,15.943916 259.823639,16.089285 265.752167,20.164316 
	C288.079987,35.511566 310.524200,50.689552 333.519745,66.335724 
	C344.882080,43.187763 362.829559,28.849342 388.698456,26.089546 
	C407.357513,24.098932 424.628418,28.549322 439.123169,40.747044 
	C470.884155,67.474770 471.994080,112.070305 444.152191,141.684509 
	C447.267670,143.786453 450.329010,145.851730 453.390198,147.917236 
	C464.294037,155.274460 475.226593,162.589630 486.088867,170.007675 
	C491.152924,173.466049 494.129120,178.112289 494.028259,184.532074 
	C493.897430,192.861374 494.451080,201.225647 493.881287,209.517914 
	C493.118835,220.613464 489.873230,223.008865 479.572205,223.898590 
	C473.652466,224.409866 467.652374,223.991272 460.993073,223.991272 
	C460.993073,231.718903 461.123505,238.992432 460.947906,246.258530 
	C460.827545,251.237930 459.419006,255.732269 454.127502,258.396881 
M405.283813,160.032669 
	C384.833984,162.421310 366.764160,156.999054 351.233185,143.433014 
	C340.493317,134.051941 334.149231,121.975716 330.162689,107.560867 
	C330.091156,98.817528 330.104889,90.071892 329.868439,81.333015 
	C329.826538,79.784355 329.180756,77.690399 328.060425,76.834785 
	C324.256897,73.929955 320.115601,71.467377 315.727844,68.282738 
	C297.567383,55.916027 279.358459,43.619358 261.295380,31.112000 
	C258.369415,29.085966 256.419189,29.114717 253.472443,31.119560 
	C181.495895,80.089165 109.477722,128.997955 37.323387,177.704895 
	C33.134491,180.532532 31.749144,183.414856 31.954006,188.177170 
	C32.293720,196.074188 32.046444,203.996475 32.046444,211.726379 
	C182.435745,211.726379 332.106415,211.726379 482.026550,211.726379 
	C482.026550,202.241776 482.098694,193.100922 481.941162,183.964066 
	C481.919891,182.730087 481.060699,181.057037 480.054504,180.363419 
	C469.514557,173.097961 458.865417,165.990829 447.858917,158.278015 
	C444.040161,155.647919 440.307709,152.875168 436.347137,150.479553 
	C435.239990,149.809860 433.292053,149.792801 432.015717,150.259033 
	C423.365601,153.418716 414.792145,156.788269 405.283813,160.032669 
M372.658966,421.005707 
	C372.689514,417.847351 372.640228,414.685760 372.767548,411.531311 
	C373.020325,405.268280 376.225433,400.722931 381.642731,399.046448 
	C383.645721,398.426605 385.760345,398.167358 387.765930,397.755585 
	C387.765930,351.727264 387.765930,305.929138 387.765930,260.167633 
	C376.679626,258.984283 372.820465,254.758698 372.710907,244.054657 
	C372.693970,242.398758 372.553589,240.744095 372.661621,238.161545 
	C372.661621,233.231964 372.661621,228.302383 372.661621,223.424316 
	C295.228943,223.424316 218.562836,223.424316 141.682312,223.424316 
	C141.682312,228.885056 141.682312,234.001373 141.447968,239.999100 
	C141.956955,252.541611 140.053787,258.442169 126.218384,260.417389 
	C126.218384,306.233521 126.218384,352.065033 126.218384,397.857697 
	C138.001114,399.538605 141.307693,403.345551 141.378647,414.943115 
	C141.392838,417.260498 141.580826,419.576843 141.458420,422.807159 
	C141.458420,426.753693 141.458420,430.700256 141.458420,434.641418 
	C218.806961,434.641418 295.538025,434.641418 372.455811,434.641418 
	C372.455811,430.160828 372.455811,426.033081 372.658966,421.005707 
M240.499817,485.673431 
	C278.663635,485.673462 316.827454,485.673645 354.991272,485.673492 
	C395.488312,485.673370 435.985565,485.617981 476.482147,485.753448 
	C480.761871,485.767761 482.366302,484.683136 482.200226,480.158386 
	C481.864227,471.004730 482.102844,461.830078 482.099182,452.664062 
	C482.096497,446.001007 482.092651,445.997894 475.229584,445.997864 
	C329.740173,445.997284 184.250763,445.997437 38.761345,445.997437 
	C38.261383,445.997437 37.752563,446.058807 37.262852,445.987976 
	C33.233986,445.405457 31.664005,446.878693 31.802631,451.170288 
	C32.098400,460.326752 31.890884,469.499359 31.893227,478.665375 
	C31.895016,485.664612 31.897509,485.671997 39.014393,485.672211 
	C105.842865,485.674103 172.671326,485.673370 240.499817,485.673431 
M407.684387,148.380463 
	C435.935272,141.736221 453.447083,118.600746 452.168030,89.611557 
	C450.802795,58.667931 421.822876,33.890282 390.864716,37.197575 
	C358.489288,40.656281 335.401520,70.396797 340.342987,101.591293 
	C345.357086,133.244186 375.726562,154.815155 407.684387,148.380463 
M399.078003,360.499969 
	C399.078003,372.933838 399.078003,385.367676 399.078003,397.909760 
	C410.980652,397.909760 422.229095,397.909760 433.565674,397.909760 
	C433.565674,351.798065 433.565674,305.956879 433.565674,260.277405 
	C421.912628,260.277405 410.664062,260.277405 399.078003,260.277405 
	C399.078003,293.585785 399.078003,326.542847 399.078003,360.499969 
M80.073792,320.500000 
	C80.073792,346.260193 80.073792,372.020386 80.073792,397.916168 
	C91.961143,397.916168 103.209206,397.916168 114.568130,397.916168 
	C114.568130,351.808746 114.568130,305.965363 114.568130,260.270325 
	C102.921349,260.270325 91.671318,260.270325 80.073792,260.270325 
	C80.073792,280.242493 80.073792,299.871246 80.073792,320.500000 
M432.495178,248.963608 
	C436.820129,248.962067 441.162628,249.178452 445.459747,248.831955 
	C446.825134,248.721863 449.156616,247.158112 449.196930,246.183090 
	C449.509613,238.620255 449.369507,231.038696 449.369507,223.419861 
	C427.117889,223.419861 405.588898,223.419861 383.692841,223.419861 
	C383.692841,230.560791 383.841888,237.368500 383.633667,244.165268 
	C383.519592,247.888306 384.912476,249.069016 388.581238,249.028076 
	C402.884979,248.868484 417.191620,248.963364 432.495178,248.963608 
M64.684296,238.457321 
	C64.690651,240.786194 64.260841,243.235687 64.859543,245.400772 
	C65.246796,246.801239 67.127747,248.792358 68.358200,248.805908 
	C87.819130,249.019943 107.283646,249.010910 126.745178,248.825455 
	C127.963844,248.813843 130.168488,246.964767 130.212250,245.900558 
	C130.517548,238.475830 130.373672,231.032608 130.373672,223.356689 
	C108.286865,223.356689 86.755852,223.356689 64.684280,223.356689 
	C64.684280,228.242905 64.684280,232.857773 64.684296,238.457321 
M435.493103,434.999817 
	C440.061646,434.999817 444.630188,434.999817 449.416351,434.999817 
	C449.416351,427.195404 449.385437,420.215149 449.432465,413.235413 
	C449.449768,410.671600 448.636475,409.116760 445.752106,409.121307 
	C426.286377,409.152100 406.820038,409.082062 387.356018,409.267853 
	C386.137390,409.279449 383.933075,411.135162 383.889130,412.203003 
	C383.583374,419.628326 383.727722,427.072174 383.727722,434.999817 
	C400.973572,434.999817 417.734772,434.999817 435.493103,434.999817 
M106.499969,434.999817 
	C114.394508,434.999817 122.289055,434.999817 130.407028,434.999817 
	C130.407028,427.200287 130.374435,420.220459 130.424072,413.241241 
	C130.442322,410.675385 129.630768,409.118286 126.749283,409.122559 
	C107.285179,409.151398 87.820473,409.082153 68.358086,409.267639 
	C67.137299,409.279266 64.928970,411.132385 64.884987,412.199036 
	C64.578835,419.624329 64.723282,427.068176 64.723282,434.999817 
	C78.634544,434.999817 92.067276,434.999817 106.499969,434.999817 
z"/>
<path fill="#FEFEFF" opacity="1.000000" stroke="none" 
	d="
M372.470276,239.088867 
	C372.553589,240.744095 372.693970,242.398758 372.710907,244.054657 
	C372.820465,254.758698 376.679626,258.984283 387.765930,260.167633 
	C387.765930,305.929138 387.765930,351.727264 387.765930,397.755585 
	C385.760345,398.167358 383.645721,398.426605 381.642731,399.046448 
	C376.225433,400.722931 373.020325,405.268280 372.767548,411.531311 
	C372.640228,414.685760 372.689514,417.847351 372.124054,421.468689 
	C339.103119,421.955292 306.617096,422.004425 274.131073,421.996185 
	C229.983612,421.984955 185.836151,421.929901 141.688690,421.893646 
	C141.580826,419.576843 141.392838,417.260498 141.378647,414.943115 
	C141.307693,403.345551 138.001114,399.538605 126.218384,397.857697 
	C126.218384,352.065033 126.218384,306.233521 126.218384,260.417389 
	C140.053787,258.442169 141.956955,252.541611 141.988693,239.530365 
	C164.690247,239.036453 186.851105,238.984161 209.011917,238.991440 
	C263.498047,239.009308 317.984161,239.054596 372.470276,239.088867 
M300.760376,332.235718 
	C310.129822,319.863739 314.007324,306.064789 312.136292,290.553101 
	C308.409882,259.658997 278.612457,237.818756 247.211792,243.156387 
	C216.821411,248.322281 195.728989,279.281097 202.603699,309.164062 
	C207.712830,331.372406 221.467911,346.163116 243.522171,351.749451 
	C266.070129,357.460815 285.143311,350.387909 300.760376,332.235718 
M188.796814,415.927063 
	C235.118332,415.926788 281.439850,415.936188 327.761383,415.918427 
	C337.659546,415.914642 342.033295,411.497528 342.065369,401.578339 
	C342.088562,394.413544 342.114929,387.248260 342.055328,380.083893 
	C341.982819,371.368286 337.548065,366.848541 328.790741,366.840088 
	C281.802795,366.794739 234.814697,366.794067 187.826721,366.839233 
	C179.033096,366.847687 174.695923,371.223297 174.544052,380.099670 
	C174.418655,387.429016 174.432190,394.763245 174.531052,402.093323 
	C174.655151,411.295837 178.687180,415.400391 188.796814,415.927063 
z"/>
<path fill="#FFFEFE" opacity="1.000000" stroke="none" 
	d="
M448.246521,158.839874 
	C458.865417,165.990829 469.514557,173.097961 480.054504,180.363419 
	C481.060699,181.057037 481.919891,182.730087 481.941162,183.964066 
	C482.098694,193.100922 482.026550,202.241776 482.026550,211.726379 
	C332.106415,211.726379 182.435745,211.726379 32.046444,211.726379 
	C32.046444,203.996475 32.293720,196.074188 31.954006,188.177170 
	C31.749144,183.414856 33.134491,180.532532 37.323387,177.704895 
	C109.477722,128.997955 181.495895,80.089165 253.472443,31.119560 
	C256.419189,29.114717 258.369415,29.085966 261.295380,31.112000 
	C279.358459,43.619358 297.567383,55.916027 315.768188,68.926254 
	C314.539398,78.417709 313.270294,87.265663 311.664551,96.021118 
	C295.497070,85.166649 279.667267,74.403206 263.834900,63.643440 
	C257.857758,59.581329 256.365692,59.553627 250.426559,63.595005 
	C209.140778,91.688515 167.862106,119.792480 126.582962,147.895737 
	C113.924149,156.513992 101.300430,165.184326 88.594429,173.732376 
	C85.436081,175.857162 83.923248,178.486755 85.081375,182.182968 
	C86.202843,185.762177 89.127327,186.764221 92.543694,186.811462 
	C93.376450,186.822998 94.209435,186.820541 95.042313,186.820541 
	C202.984482,186.820953 310.926636,186.821503 418.868805,186.815735 
	C420.365967,186.815643 422.153595,187.241074 423.297546,186.583664 
	C425.433960,185.355865 428.243042,183.780350 428.820343,181.784836 
	C429.397217,179.790894 427.784180,177.012878 426.734222,174.763901 
	C426.228058,173.679626 424.809937,173.021118 424.176758,172.072693 
	C432.447998,167.597000 440.347260,163.218445 448.246521,158.839874 
z"/>
<path fill="#FCBB01" opacity="1.000000" stroke="none" 
	d="
M239.999817,485.673401 
	C172.671326,485.673370 105.842865,485.674103 39.014393,485.672211 
	C31.897509,485.671997 31.895016,485.664612 31.893227,478.665375 
	C31.890884,469.499359 32.098400,460.326752 31.802631,451.170288 
	C31.664005,446.878693 33.233986,445.405457 37.262852,445.987976 
	C37.752563,446.058807 38.261383,445.997437 38.761345,445.997437 
	C184.250763,445.997437 329.740173,445.997284 475.229584,445.997864 
	C482.092651,445.997894 482.096497,446.001007 482.099182,452.664062 
	C482.102844,461.830078 481.864227,471.004730 482.200226,480.158386 
	C482.366302,484.683136 480.761871,485.767761 476.482147,485.753448 
	C435.985565,485.617981 395.488312,485.673370 354.991272,485.673492 
	C316.827454,485.673645 278.663635,485.673462 239.999817,485.673401 
z"/>
<path fill="#84D089" opacity="1.000000" stroke="none" 
	d="
M407.272308,148.484985 
	C375.726562,154.815155 345.357086,133.244186 340.342987,101.591293 
	C335.401520,70.396797 358.489288,40.656281 390.864716,37.197575 
	C421.822876,33.890282 450.802795,58.667931 452.168030,89.611557 
	C453.447083,118.600746 435.935272,141.736221 407.272308,148.484985 
M401.495880,59.890064 
	C387.248474,57.981327 375.749573,62.852055 367.855438,74.754898 
	C360.182831,86.323669 359.920990,98.718361 367.064667,110.643677 
	C374.437439,122.951439 385.807861,128.189957 400.048248,126.994392 
	C415.564178,125.691742 428.903168,111.887245 429.969574,96.229111 
	C431.180176,78.452950 420.271057,64.150246 401.495880,59.890064 
z"/>
<path fill="#FEFEFE" opacity="1.000000" stroke="none" 
	d="
M399.078003,359.999939 
	C399.078003,326.542847 399.078003,293.585785 399.078003,260.277405 
	C410.664062,260.277405 421.912628,260.277405 433.565674,260.277405 
	C433.565674,305.956879 433.565674,351.798065 433.565674,397.909760 
	C422.229095,397.909760 410.980652,397.909760 399.078003,397.909760 
	C399.078003,385.367676 399.078003,372.933838 399.078003,359.999939 
z"/>
<path fill="#FEFEFE" opacity="1.000000" stroke="none" 
	d="
M80.073792,320.000000 
	C80.073792,299.871246 80.073792,280.242493 80.073792,260.270325 
	C91.671318,260.270325 102.921349,260.270325 114.568130,260.270325 
	C114.568130,305.965363 114.568130,351.808746 114.568130,397.916168 
	C103.209206,397.916168 91.961143,397.916168 80.073792,397.916168 
	C80.073792,372.020386 80.073792,346.260193 80.073792,320.000000 
z"/>
<path fill="#E4E4EE" opacity="1.000000" stroke="none" 
	d="
M372.565948,238.625214 
	C317.984161,239.054596 263.498047,239.009308 209.011917,238.991440 
	C186.851105,238.984161 164.690247,239.036453 142.105865,239.089676 
	C141.682312,234.001373 141.682312,228.885056 141.682312,223.424316 
	C218.562836,223.424316 295.228943,223.424316 372.661621,223.424316 
	C372.661621,228.302383 372.661621,233.231964 372.565948,238.625214 
z"/>
<path fill="#E5E5EE" opacity="1.000000" stroke="none" 
	d="
M141.573547,422.350403 
	C185.836151,421.929901 229.983612,421.984955 274.131073,421.996185 
	C306.617096,422.004425 339.103119,421.955292 372.022461,421.918518 
	C372.455811,426.033081 372.455811,430.160828 372.455811,434.641418 
	C295.538025,434.641418 218.806961,434.641418 141.458420,434.641418 
	C141.458420,430.700256 141.458420,426.753693 141.573547,422.350403 
z"/>
<path fill="#E19C01" opacity="1.000000" stroke="none" 
	d="
M330.163086,108.498825 
	C334.149231,121.975716 340.493317,134.051941 351.233185,143.433014 
	C366.764160,156.999054 384.833984,162.421310 405.910614,160.335999 
	C412.021362,164.492569 417.505310,168.345810 422.703735,172.407852 
	C415.963196,174.054703 409.572784,176.250626 403.042603,176.807327 
	C361.854095,180.318665 324.048889,152.821106 314.583221,112.517212 
	C313.486115,107.845924 314.112030,102.769981 314.274231,97.985504 
	C319.793945,101.559189 324.978516,105.029007 330.163086,108.498825 
z"/>
<path fill="#FEFEFE" opacity="1.000000" stroke="none" 
	d="
M431.996155,248.963608 
	C417.191620,248.963364 402.884979,248.868484 388.581238,249.028076 
	C384.912476,249.069016 383.519592,247.888306 383.633667,244.165268 
	C383.841888,237.368500 383.692841,230.560791 383.692841,223.419861 
	C405.588898,223.419861 427.117889,223.419861 449.369507,223.419861 
	C449.369507,231.038696 449.509613,238.620255 449.196930,246.183090 
	C449.156616,247.158112 446.825134,248.721863 445.459747,248.831955 
	C441.162628,249.178452 436.820129,248.962067 431.996155,248.963608 
z"/>
<path fill="#FEFEFE" opacity="1.000000" stroke="none" 
	d="
M64.684288,237.964996 
	C64.684280,232.857773 64.684280,228.242905 64.684280,223.356689 
	C86.755852,223.356689 108.286865,223.356689 130.373672,223.356689 
	C130.373672,231.032608 130.517548,238.475830 130.212250,245.900558 
	C130.168488,246.964767 127.963844,248.813843 126.745178,248.825455 
	C107.283646,249.010910 87.819130,249.019943 68.358200,248.805908 
	C67.127747,248.792358 65.246796,246.801239 64.859543,245.400772 
	C64.260841,243.235687 64.690651,240.786194 64.684288,237.964996 
z"/>
<path fill="#FEFEFE" opacity="1.000000" stroke="none" 
	d="
M434.994537,434.999817 
	C417.734772,434.999817 400.973572,434.999817 383.727722,434.999817 
	C383.727722,427.072174 383.583374,419.628326 383.889130,412.203003 
	C383.933075,411.135162 386.137390,409.279449 387.356018,409.267853 
	C406.820038,409.082062 426.286377,409.152100 445.752106,409.121307 
	C448.636475,409.116760 449.449768,410.671600 449.432465,413.235413 
	C449.385437,420.215149 449.416351,427.195404 449.416351,434.999817 
	C444.630188,434.999817 440.061646,434.999817 434.994537,434.999817 
z"/>
<path fill="#FEFEFE" opacity="1.000000" stroke="none" 
	d="
M105.999985,434.999817 
	C92.067276,434.999817 78.634544,434.999817 64.723282,434.999817 
	C64.723282,427.068176 64.578835,419.624329 64.884987,412.199036 
	C64.928970,411.132385 67.137299,409.279266 68.358086,409.267639 
	C87.820473,409.082153 107.285179,409.151398 126.749283,409.122559 
	C129.630768,409.118286 130.442322,410.675385 130.424072,413.241241 
	C130.374435,420.220459 130.407028,427.200287 130.407028,434.999817 
	C122.289055,434.999817 114.394508,434.999817 105.999985,434.999817 
z"/>
<path fill="#E5E4ED" opacity="1.000000" stroke="none" 
	d="
M422.989258,172.199051 
	C417.505310,168.345810 412.021362,164.492569 406.365662,160.364655 
	C414.792145,156.788269 423.365601,153.418716 432.015717,150.259033 
	C433.292053,149.792801 435.239990,149.809860 436.347137,150.479553 
	C440.307709,152.875168 444.040161,155.647919 448.052734,158.558945 
	C440.347260,163.218445 432.447998,167.597000 423.972504,172.079529 
	C423.396271,172.183487 422.989258,172.199051 422.989258,172.199051 
z"/>
<path fill="#E5E5ED" opacity="1.000000" stroke="none" 
	d="
M330.162903,108.029846 
	C324.978516,105.029007 319.793945,101.559189 314.153076,97.744247 
	C313.131592,96.970627 312.566376,96.542122 312.001160,96.113617 
	C313.270294,87.265663 314.539398,78.417709 315.955933,69.202820 
	C320.115601,71.467377 324.256897,73.929955 328.060425,76.834785 
	C329.180756,77.690399 329.826538,79.784355 329.868439,81.333015 
	C330.104889,90.071892 330.091156,98.817528 330.162903,108.029846 
z"/>
<path fill="#555C8A" opacity="1.000000" stroke="none" 
	d="
M300.534241,332.511658 
	C285.143311,350.387909 266.070129,357.460815 243.522171,351.749451 
	C221.467911,346.163116 207.712830,331.372406 202.603699,309.164062 
	C195.728989,279.281097 216.821411,248.322281 247.211792,243.156387 
	C278.612457,237.818756 308.409882,259.658997 312.136292,290.553101 
	C314.007324,306.064789 310.129822,319.863739 300.534241,332.511658 
M298.085144,315.434937 
	C310.142120,287.099548 289.946228,260.991333 273.579620,257.281128 
	C273.368134,259.227509 273.158844,261.153442 272.932343,263.237915 
	C262.207489,263.237915 251.670471,263.237915 241.002060,263.237915 
	C240.781082,260.978760 240.595474,259.081116 240.401749,257.100586 
	C214.727341,265.768066 205.301300,299.315582 217.784561,317.828613 
	C221.112732,315.364532 224.304306,312.678619 227.809830,310.497223 
	C231.299850,308.325470 235.105057,306.660217 238.778137,304.769745 
	C230.895447,292.047028 231.914505,279.655701 241.456131,271.368988 
	C250.341385,263.652313 263.671753,263.646332 272.590820,271.355072 
	C282.123413,279.594086 283.141998,291.865265 275.717316,304.047119 
	C282.177704,308.425507 288.571198,312.822998 295.079041,317.044250 
	C295.588806,317.374908 296.896515,316.475342 298.085144,315.434937 
M263.697723,313.596405 
	C249.991272,311.522125 238.073792,315.488556 227.524475,324.217102 
	C224.883057,326.402618 224.159653,328.168549 227.075790,330.999146 
	C242.854309,346.314911 271.530029,346.281799 287.147369,330.859253 
	C289.465820,328.569733 289.603668,326.903290 287.131134,324.751251 
	C280.577423,319.047028 273.183502,315.148926 263.697723,313.596405 
M248.212708,298.313538 
	C253.135513,302.324860 258.446106,302.782562 263.929169,299.715363 
	C268.126190,297.367523 270.422028,292.040771 269.588989,287.361084 
	C268.662048,282.154114 264.872253,278.025391 260.078033,276.999603 
	C254.654617,275.839233 249.455780,277.816956 246.522507,282.156494 
	C243.212799,287.052917 243.578552,291.977234 248.212708,298.313538 
z"/>
<path fill="#545B88" opacity="1.000000" stroke="none" 
	d="
M188.337433,415.926636 
	C178.687180,415.400391 174.655151,411.295837 174.531052,402.093323 
	C174.432190,394.763245 174.418655,387.429016 174.544052,380.099670 
	C174.695923,371.223297 179.033096,366.847687 187.826721,366.839233 
	C234.814697,366.794067 281.802795,366.794739 328.790741,366.840088 
	C337.548065,366.848541 341.982819,371.368286 342.055328,380.083893 
	C342.114929,387.248260 342.088562,394.413544 342.065369,401.578339 
	C342.033295,411.497528 337.659546,415.914642 327.761383,415.918427 
	C281.439850,415.936188 235.118332,415.926788 188.337433,415.926636 
M198.516388,404.965393 
	C206.340759,404.965424 214.165146,404.965546 221.989517,404.965454 
	C256.450012,404.965118 290.910767,404.901428 325.370667,405.045532 
	C329.614258,405.063263 331.465271,404.040283 331.140472,399.485504 
	C330.786163,394.516510 331.069916,389.502655 331.059113,384.508392 
	C331.044800,377.890533 331.037964,377.867218 324.539490,377.865723 
	C288.414246,377.857513 252.288986,377.861420 216.163727,377.861420 
	C208.006409,377.861420 199.842819,378.053650 191.694305,377.785950 
	C187.296066,377.641479 185.131363,378.845825 185.593018,383.615631 
	C185.896317,386.749268 185.648178,389.936157 185.648102,393.099213 
	C185.647842,404.965393 185.648010,404.965393 198.516388,404.965393 
z"/>
<path fill="#FEBD02" opacity="1.000000" stroke="none" 
	d="
M311.664551,96.021118 
	C312.566376,96.542122 313.131592,96.970627 313.817932,97.640388 
	C314.112030,102.769981 313.486115,107.845924 314.583221,112.517212 
	C324.048889,152.821106 361.854095,180.318665 403.042603,176.807327 
	C409.572784,176.250626 415.963196,174.054703 422.703735,172.407852 
	C422.989258,172.199051 423.396271,172.183487 423.600525,172.176666 
	C424.809937,173.021118 426.228058,173.679626 426.734222,174.763901 
	C427.784180,177.012878 429.397217,179.790894 428.820343,181.784836 
	C428.243042,183.780350 425.433960,185.355865 423.297546,186.583664 
	C422.153595,187.241074 420.365967,186.815643 418.868805,186.815735 
	C310.926636,186.821503 202.984482,186.820953 95.042313,186.820541 
	C94.209435,186.820541 93.376450,186.822998 92.543694,186.811462 
	C89.127327,186.764221 86.202843,185.762177 85.081375,182.182968 
	C83.923248,178.486755 85.436081,175.857162 88.594429,173.732376 
	C101.300430,165.184326 113.924149,156.513992 126.582962,147.895737 
	C167.862106,119.792480 209.140778,91.688515 250.426559,63.595005 
	C256.365692,59.553627 257.857758,59.581329 263.834900,63.643440 
	C279.667267,74.403206 295.497070,85.166649 311.664551,96.021118 
M266.343262,155.090698 
	C281.636444,149.012665 289.182861,134.303436 284.667633,119.373413 
	C280.354309,105.110832 265.351929,96.305412 250.975510,99.598282 
	C234.790039,103.305504 225.150848,118.802971 229.032120,134.877960 
	C232.866013,150.756668 248.588974,159.557968 266.343262,155.090698 
z"/>
<path fill="#FDFEFE" opacity="1.000000" stroke="none" 
	d="
M401.911499,59.938957 
	C420.271057,64.150246 431.180176,78.452950 429.969574,96.229111 
	C428.903168,111.887245 415.564178,125.691742 400.048248,126.994392 
	C385.807861,128.189957 374.437439,122.951439 367.064667,110.643677 
	C359.920990,98.718361 360.182831,86.323669 367.855438,74.754898 
	C375.749573,62.852055 387.248474,57.981327 401.911499,59.938957 
M403.527679,82.889168 
	C399.962769,85.585419 396.397858,88.281662 392.691895,91.084602 
	C391.996826,90.425941 391.397491,89.892303 390.836761,89.320808 
	C388.235809,86.669815 385.351501,85.969818 382.545563,88.745987 
	C379.952667,91.311378 380.499481,94.140419 382.751953,96.748001 
	C384.165955,98.384964 385.613800,99.992676 387.032135,101.625961 
	C389.800049,104.813385 392.836548,105.203766 396.183502,102.536209 
	C400.346283,99.218399 404.790833,96.183762 408.538940,92.449921 
	C410.080261,90.914482 411.237793,87.421585 410.518463,85.653748 
	C409.865692,84.049469 406.427368,83.578621 403.527679,82.889168 
z"/>
<path fill="#FBFCFD" opacity="1.000000" stroke="none" 
	d="
M297.959259,315.791229 
	C296.896515,316.475342 295.588806,317.374908 295.079041,317.044250 
	C288.571198,312.822998 282.177704,308.425507 275.717316,304.047119 
	C283.141998,291.865265 282.123413,279.594086 272.590820,271.355072 
	C263.671753,263.646332 250.341385,263.652313 241.456131,271.368988 
	C231.914505,279.655701 230.895447,292.047028 238.778137,304.769745 
	C235.105057,306.660217 231.299850,308.325470 227.809830,310.497223 
	C224.304306,312.678619 221.112732,315.364532 217.784561,317.828613 
	C205.301300,299.315582 214.727341,265.768066 240.401749,257.100586 
	C240.595474,259.081116 240.781082,260.978760 241.002060,263.237915 
	C251.670471,263.237915 262.207489,263.237915 272.932343,263.237915 
	C273.158844,261.153442 273.368134,259.227509 273.579620,257.281128 
	C289.946228,260.991333 310.142120,287.099548 297.959259,315.791229 
z"/>
<path fill="#5C9DFC" opacity="1.000000" stroke="none" 
	d="
M264.122620,313.679565 
	C273.183502,315.148926 280.577423,319.047028 287.131134,324.751251 
	C289.603668,326.903290 289.465820,328.569733 287.147369,330.859253 
	C271.530029,346.281799 242.854309,346.314911 227.075790,330.999146 
	C224.159653,328.168549 224.883057,326.402618 227.524475,324.217102 
	C238.073792,315.488556 249.991272,311.522125 264.122620,313.679565 
z"/>
<path fill="#5C9DFB" opacity="1.000000" stroke="none" 
	d="
M247.947906,298.048523 
	C243.578552,291.977234 243.212799,287.052917 246.522507,282.156494 
	C249.455780,277.816956 254.654617,275.839233 260.078033,276.999603 
	C264.872253,278.025391 268.662048,282.154114 269.588989,287.361084 
	C270.422028,292.040771 268.126190,297.367523 263.929169,299.715363 
	C258.446106,302.782562 253.135513,302.324860 247.947906,298.048523 
z"/>
<path fill="#85D18A" opacity="1.000000" stroke="none" 
	d="
M198.020889,404.965393 
	C185.648010,404.965393 185.647842,404.965393 185.648102,393.099213 
	C185.648178,389.936157 185.896317,386.749268 185.593018,383.615631 
	C185.131363,378.845825 187.296066,377.641479 191.694305,377.785950 
	C199.842819,378.053650 208.006409,377.861420 216.163727,377.861420 
	C252.288986,377.861420 288.414246,377.857513 324.539490,377.865723 
	C331.037964,377.867218 331.044800,377.890533 331.059113,384.508392 
	C331.069916,389.502655 330.786163,394.516510 331.140472,399.485504 
	C331.465271,404.040283 329.614258,405.063263 325.370667,405.045532 
	C290.910767,404.901428 256.450012,404.965118 221.989517,404.965454 
	C214.165146,404.965546 206.340759,404.965424 198.020889,404.965393 
M263.671356,395.431396 
	C263.990784,393.045258 265.281342,389.080017 264.448334,388.567719 
	C261.905487,387.003876 258.513245,386.130341 255.515991,386.279938 
	C253.955307,386.357849 251.354996,389.145508 251.345596,390.721832 
	C251.334229,392.630341 253.196915,395.613556 254.916290,396.211334 
	C257.296722,397.038910 260.299500,396.076324 263.671356,395.431396 
M237.465729,395.007477 
	C237.615448,392.737427 238.680511,389.101257 237.734131,388.467163 
	C235.393951,386.899200 232.060577,385.960724 229.267654,386.230774 
	C227.500809,386.401642 224.642899,389.246979 224.698380,390.806549 
	C224.769257,392.799377 226.939011,395.767242 228.830460,396.379181 
	C231.181473,397.139801 234.172516,395.922211 237.465729,395.007477 
M307.593872,396.246063 
	C309.874634,396.385223 312.228455,396.947601 314.419891,396.569336 
	C318.173218,395.921478 320.405396,391.751587 318.175018,389.157806 
	C316.632568,387.364014 313.512878,386.091644 311.114075,386.116852 
	C308.954285,386.139526 305.923187,387.771698 304.960052,389.587189 
	C304.230103,390.963104 306.148468,393.743958 307.593872,396.246063 
M286.258301,385.882385 
	C279.160065,384.827209 276.759186,389.420074 278.098969,393.133698 
	C279.535828,397.116272 283.217529,397.518250 286.427979,396.659943 
	C288.566376,396.088226 291.228271,394.028809 291.865173,392.056885 
	C292.944946,388.714020 290.685760,386.460541 286.258301,385.882385 
M201.228119,386.247498 
	C197.952164,387.849518 196.846146,390.609009 198.415359,393.691864 
	C200.479691,397.747437 204.681183,397.655640 208.046097,396.348877 
	C209.893326,395.631561 211.909195,392.535950 211.921112,390.501404 
	C211.944534,386.494507 208.483826,385.760834 205.039658,385.874207 
	C204.042770,385.907013 203.047287,385.982208 201.228119,386.247498 
z"/>
<path fill="#FFFEFD" opacity="1.000000" stroke="none" 
	d="
M265.961487,155.213516 
	C248.588974,159.557968 232.866013,150.756668 229.032120,134.877960 
	C225.150848,118.802971 234.790039,103.305504 250.975510,99.598282 
	C265.351929,96.305412 280.354309,105.110832 284.667633,119.373413 
	C289.182861,134.303436 281.636444,149.012665 265.961487,155.213516 
z"/>
<path fill="#565D8A" opacity="1.000000" stroke="none" 
	d="
M403.872375,82.748627 
	C406.427368,83.578621 409.865692,84.049469 410.518463,85.653748 
	C411.237793,87.421585 410.080261,90.914482 408.538940,92.449921 
	C404.790833,96.183762 400.346283,99.218399 396.183502,102.536209 
	C392.836548,105.203766 389.800049,104.813385 387.032135,101.625961 
	C385.613800,99.992676 384.165955,98.384964 382.751953,96.748001 
	C380.499481,94.140419 379.952667,91.311378 382.545563,88.745987 
	C385.351501,85.969818 388.235809,86.669815 390.836761,89.320808 
	C391.397491,89.892303 391.996826,90.425941 392.691895,91.084602 
	C396.397858,88.281662 399.962769,85.585419 403.872375,82.748627 
z"/>
<path fill="#FAFDFA" opacity="1.000000" stroke="none" 
	d="
M263.353577,395.655853 
	C260.299500,396.076324 257.296722,397.038910 254.916290,396.211334 
	C253.196915,395.613556 251.334229,392.630341 251.345596,390.721832 
	C251.354996,389.145508 253.955307,386.357849 255.515991,386.279938 
	C258.513245,386.130341 261.905487,387.003876 264.448334,388.567719 
	C265.281342,389.080017 263.990784,393.045258 263.353577,395.655853 
z"/>
<path fill="#FAFDFA" opacity="1.000000" stroke="none" 
	d="
M237.176422,395.283234 
	C234.172516,395.922211 231.181473,397.139801 228.830460,396.379181 
	C226.939011,395.767242 224.769257,392.799377 224.698380,390.806549 
	C224.642899,389.246979 227.500809,386.401642 229.267654,386.230774 
	C232.060577,385.960724 235.393951,386.899200 237.734131,388.467163 
	C238.680511,389.101257 237.615448,392.737427 237.176422,395.283234 
z"/>
<path fill="#FBFDFB" opacity="1.000000" stroke="none" 
	d="
M307.241089,396.072845 
	C306.148468,393.743958 304.230103,390.963104 304.960052,389.587189 
	C305.923187,387.771698 308.954285,386.139526 311.114075,386.116852 
	C313.512878,386.091644 316.632568,387.364014 318.175018,389.157806 
	C320.405396,391.751587 318.173218,395.921478 314.419891,396.569336 
	C312.228455,396.947601 309.874634,396.385223 307.241089,396.072845 
z"/>
<path fill="#FBFDFB" opacity="1.000000" stroke="none" 
	d="
M286.684723,385.908478 
	C290.685760,386.460541 292.944946,388.714020 291.865173,392.056885 
	C291.228271,394.028809 288.566376,396.088226 286.427979,396.659943 
	C283.217529,397.518250 279.535828,397.116272 278.098969,393.133698 
	C276.759186,389.420074 279.160065,384.827209 286.684723,385.908478 
z"/>
<path fill="#FBFEFB" opacity="1.000000" stroke="none" 
	d="
M201.639648,386.142731 
	C203.047287,385.982208 204.042770,385.907013 205.039658,385.874207 
	C208.483826,385.760834 211.944534,386.494507 211.921112,390.501404 
	C211.909195,392.535950 209.893326,395.631561 208.046097,396.348877 
	C204.681183,397.655640 200.479691,397.747437 198.415359,393.691864 
	C196.846146,390.609009 197.952164,387.849518 201.639648,386.142731 
z"/>
</svg>